1/31/2006 0 4.5 4.5
3/28/2006 0 4.75 4.75
5/10/2006 0 5 5
6/29/2006 0 5.25 5.25
8/8/2006 0 5.25 5.25
9/20/2006 0 5.25 5.25
10/25/2006 0 5.25 5.25
12/12/2006 0 5.25 5.25
1/31/2007 0 5.25 5.25
3/21/2007 0 5.25 5.25
5/9/2007 0 5.25 5.25
6/28/2007 0 5.25 5.25
8/7/2007 0 5.25 5.25
9/18/2007 0 4.75 4.75
10/31/2007 0 4.5 4.5
12/11/2007 0 4.25 4.25
1/30/2008 0 3 3
3/18/2008 0 2.25 2.25
4/30/2008 0 2 2
6/25/2008 0 2 2
8/5/2008 0 2 2
9/16/2008 0 2 2
10/29/2008 0 1 1
12/16/2008 0.25 0.25 0.25
1/28/2009 0.25 0.25 0.25
3/18/2009 0.25 0.25 0.25
4/29/2009 0.25 0.25 0.25
6/24/2009 0.25 0.25 0.25
8/12/2009 0.25 0.25 0.25
9/23/2009 0.25 0.25 0.25
11/4/2009 0.25 0.25 0.25
12/16/2009 0.25 0.25 0.25
1/27/2010 0.25 0.25 0.25
3/16/2010 0.25 0.25 0.25
4/28/2010 0.25 0.25 0.25
6/23/2010 0.25 0.25 0.25
8/10/2010 0.25 0.25 0.25
9/21/2010 0.25 0.25 0.25
11/3/2010 0.25 0.25 0.25
12/14/2010 0.25 0.25 0.25
1/26/2011 0.25 0.25 0.25
3/15/2011 0.25 0.25 0.25
4/27/2011 0.25 0.25 0.25
6/22/2011 0.25 0.25 0.25
8/1/2011 0.25 0.25 0.25
9/21/2011 0.25 0.25 0.25
11/2/2011 0.25 0.25 0.25
12/13/2011 0.25 0.25 0.25
1/25/2012 0.25 0.25 0.25
3/13/2012 0.25 0.25 0.25
4/25/2012 0.25 0.25 0.25
6/20/2012 0.25 0.25 0.25
8/1/2012 0.25 0.25 0.25
9/24/2012 0.25 0.25 0.25
10/24/2012 0.25 0.25 0.25
12/12/2012 0.25 0.25 0.25
1/30/2013 0.25 0.25 0.25
3/20/2013 0.25 0.25 0.25
5/1/2013 0.25 0.25 0.25
6/19/2013 0.25 0.25 0.25
7/31/2013 0.25 0.25 0.25
9/18/2013 0.25 0.25 0.25
10/30/2013 0.25 0.25 0.25
12/18/2013 0.25 0.25 0.25
1/29/2014 0.25 0.25 0.25
3/19/2014 0.25 0.25 0.25
4/30/2014 0.25 0.25 0.25
6/18/2014 0.25 0.25 0.25
7/30/2014 0.25 0.25 0.25
9/17/2014 0.25 0.25 0.25
10/29/2014 0.25 0.25 0.25
12/17/2014 0.25 0.25 0.25
1/28/2015 0.25 0.25 0.25
3/18/2015 0.25 0.25 0.25
4/29/2015 0.25 0.25 0.25
6/17/2015 0.25 0.25 0.25
7/29/2015 0.25 0.25 0.25
9/17/2015 0.25 0.25 0.25
10/28/2015 0.25 0.25 0.25
12/16/2015 0.5 0.5 0.5
1/27/2016 0.5 0.5 0.5
3/16/2016 0.5 0.5 0.5
4/27/2016 0.5 0.5 0.5
6/15/2016 0.5 0.5 0.5
7/27/2016 0.5 0.5 0.5
9/21/2016 0.5 0.5 0.5
11/2/2016 0.5 0.5 0.5
12/14/2016 0.75 0.75 0.75
2/1/2017 0.75 0.75 0.75
3/15/2017 1 1 1